2.611208914325713337e-02
2.240445309675487273e-02
2.088564611020382600e-02
2.338324683486647793e-02
2.248929642036978649e-02
2.344364965294865044e-02
2.353147924741061381e-02
2.097868913255473977e-02
2.568616499529929875e-02
2.471520572575869323e-02
2.575232983155384403e-02
2.549320407399990884e-02
2.465623181453002744e-02
2.385188376009894640e-02
2.272055260985861302e-02
2.535662573587171842e-02
2.152076752758724787e-02
2.321695317739669306e-02
2.560292577634037947e-02
2.401811065382908339e-02
2.368865690687682601e-02
2.378703736573539729e-02
2.219003021430876466e-02
2.513106704713652384e-02
2.488116555776698213e-02
2.276101759826643089e-02
2.285227047868954031e-02
2.537431338051487906e-02
2.424043856974500422e-02
2.488366681524345481e-02
2.197955517805016967e-02
2.356753292692714830e-02
2.294812031227366766e-02
1.926830465260764846e-02
2.208114632409197142e-02
2.300463700862365179e-02
2.290034140706409538e-02
2.011118580257820199e-02
2.584345241699081974e-02
2.447743760101150912e-02
2.282566368653937694e-02
2.655485060830042876e-02
2.335151780534938659e-02
2.246878638888949453e-02
2.438026154129113721e-02
2.175690869441515574e-02
2.307236515764277129e-02
2.476919174906355714e-02
2.540160931187918081e-02
2.012556901970263823e-02
2.451572291554127148e-02
2.620430171627807781e-02
2.464513013223768034e-02
2.240641393526110470e-02
2.375767102241521656e-02
2.292416428483812219e-02
2.386906327253401905e-02
1.910841805928842341e-02
2.173354850754893874e-02
2.382065245139708409e-02
2.334713400163623831e-02
2.142541626947891409e-02
2.340111455242155358e-02
2.078244776130966365e-02
2.278459142282440730e-02
2.168294578194096545e-02
2.184867238999932404e-02
2.284197657634701173e-02
2.325323203464901844e-02
2.298266247289104669e-02
1.979285816313214319e-02
2.121646436977098205e-02
2.282627643527890271e-02
2.556853577115547616e-02
2.108224781792111813e-02
2.380161112582879213e-02
2.445612233318850137e-02
2.341701825322028974e-02
2.382904268853769381e-02
2.202447599816448331e-02
2.374402891334548293e-02
2.430313565513797514e-02
2.593518259238103418e-02
2.452567233721358875e-02
2.129484313277862917e-02
2.537077786824348813e-02
2.399567597459251189e-02
2.509324902534681989e-02
2.585004728765794013e-02
2.353530664337366574e-02
2.353939745539657125e-02
2.333721260120902308e-02
2.430994692031052118e-02
2.470826801278414031e-02
2.344018108128120836e-02
2.066988396880531376e-02
2.353246245956652771e-02
2.267953205220862856e-02
2.093143583589873735e-02
2.271214301748081255e-02
1.782954213236220831e-02
2.411826462078425770e-02
2.525843673371030995e-02
2.633188869525371345e-02
2.360391272366779702e-02
2.321313200109353936e-02
2.416534326025132629e-02
2.338507893685504158e-02
2.314959064921318088e-02
2.253030595002747383e-02
2.447620084707180510e-02
2.585173032736687304e-02
2.072825033714331688e-02
2.227105241920668277e-02
2.202275409670662043e-02
2.396859982858079441e-02
2.251902302700248271e-02
2.275545587265059844e-02
2.244759626970549427e-02
2.377610797551432675e-02
2.319644707509582737e-02
2.298671626700499182e-02
1.812007597453457741e-02
2.304112191518781216e-02
2.204575435912214942e-02
2.331939305680852392e-02
2.471712706793738334e-02
2.440324404199012420e-02
2.429157311689378318e-02
2.174237177752980088e-02
2.773829317365916758e-02
2.313177530883314681e-02
2.128177456630586661e-02
2.480915107896852767e-02
2.444961736135220498e-02
2.285742182221905949e-02
2.437625246591590411e-02
2.466055555476898142e-02
2.249018857580131758e-02
2.605266378804804717e-02
2.237136246050264177e-02
2.406666596121076473e-02
2.096193188256756379e-02
2.223263759468818712e-02
2.357159985114609668e-02
2.327546504694955054e-02
2.430908544834520235e-02
1.777857355080225688e-02
2.538827114520270101e-02
2.288549236493597761e-02
2.363155854267051659e-02
2.304177708498711397e-02
2.313724252511950574e-02
2.208558303047003513e-02
2.435028589696108803e-02
2.127164895957878166e-02
2.112545016220379601e-02
2.351975921154547677e-02
2.265001810830447049e-02
2.688565113609353574e-02
2.499516733041451388e-02
2.374250027667290652e-02
2.403176490898095707e-02
2.105355265196307002e-02
1.848818934789675517e-02
2.311858813067679819e-02
2.299271673720260090e-02
2.163695840878609999e-02
2.344274681476798960e-02
2.565404052975539528e-02
2.066927290720688148e-02
2.123375685528694490e-02
2.300405956962814358e-02
2.387385069075009802e-02
2.232692003161163008e-02
2.213059545954187968e-02
2.257182079811759223e-02
2.149580683883001164e-02
2.207294914252311280e-02
2.291060449586534986e-02
2.661671932246401084e-02
2.259986045589634784e-02
2.166108438029956673e-02
2.458987077425534018e-02
2.457211015695448530e-02
2.513880585539940427e-02
2.503280446453071129e-02
2.548506876297995660e-02
2.430300486973124841e-02
2.627777920826113167e-02
2.440829459607463114e-02
2.296631825160111440e-02
2.070261849222054806e-02
2.285963830479209591e-02
2.434774232378678072e-02
2.261611785809369835e-02
2.375019453233639943e-02
2.233311828293160772e-02
2.015125363723324625e-02
2.608230079647699817e-02
2.441001215931559720e-02
2.349226255056025003e-02
2.514221240467429119e-02
2.436743278659125878e-02
2.287886402528904739e-02
2.056216216856543433e-02
2.307306916979356970e-02
2.644273138791164435e-02
2.418059362197033657e-02
2.374197405924727278e-02
2.269387629164953957e-02
2.387091838875998739e-02
1.850196781635271570e-02
2.537609490305547943e-02
2.347636495865668138e-02
2.136537835063423429e-02
2.421100773485340696e-02
2.334047307725395370e-02
2.339069965352846836e-02
2.219552422435566719e-02
2.402736004503425171e-02
2.525913978540383908e-02
2.495948173691098226e-02
2.509714920907346603e-02
2.091093096115437255e-02
2.201181016679321090e-02
2.328696658091411464e-02
2.670619182992028939e-02
2.277110601590814909e-02
2.419453159149820287e-02
2.229740115078060470e-02
1.732528277157530106e-02
2.015086879151040122e-02
2.504001620797291494e-02
2.288853933591905587e-02
1.931052572461511296e-02
2.321455490720580883e-02
2.291169274202187189e-02
2.187522472464253909e-02
2.346608639655456408e-02
2.298961741690397353e-02
2.452620468158528411e-02
2.101425735602546752e-02
2.362961001103158765e-02
2.254951747794442518e-02
2.111142588216963212e-02
2.718029340705085950e-02
2.709922502644857012e-02
2.378988250958191664e-02
2.379431435787049409e-02
2.320661816591229609e-02
2.245562190718564111e-02
2.351227411989098570e-02
2.491508121879171256e-02
2.322690578412611728e-02
2.256588404242143575e-02
2.369860684591706956e-02
2.664628992847228872e-02
2.294351444533404560e-02
2.416265763328406813e-02
2.508581310387714147e-02
2.457209534883575408e-02
2.524006804417133765e-02
2.265229820817205031e-02
1.932922896692645942e-02
2.031267697470884315e-02
2.456441904958261979e-02
2.431654443085129458e-02
2.767171544179447551e-02
2.370725590397770866e-02
2.479112898706037349e-02
2.189403350659713254e-02
2.469968516950649118e-02
2.720443549683237983e-02
2.311776525563247198e-02
2.024494892550476877e-02
2.341749290735695155e-02
2.214745931858619343e-02
2.441844311468788220e-02
2.584393062609002811e-02
2.282157484996982788e-02
2.121319740106031304e-02
2.198651625407377352e-02
2.706448187033183572e-02
2.048568294195818318e-02
2.504752727457359995e-02
2.316116433867132507e-02
2.448495687110208152e-02
2.324715255281706305e-02
2.525715631222058555e-02
2.339151819784368591e-02
2.384464552708887020e-02
2.287355471658147898e-02
2.334934499461160939e-02
2.407772753349735062e-02
2.474373679123798020e-02
2.238601755741709276e-02
1.984004514914139428e-02
2.144290856885988639e-02
2.395708305448795983e-02
2.327041343041846844e-02
2.444749282675906521e-02
2.071380025163738203e-02
2.297347033973196062e-02
2.613755920943194866e-02
2.261613226723491188e-02
2.193448151387489276e-02
2.403423979220953299e-02
2.471423444712073092e-02
2.180218492812224795e-02
2.150947963169702604e-02
2.331836337119241875e-02
2.454252287952196632e-02
2.407579450422758782e-02
2.546494881340932714e-02
2.384139313030630980e-02
2.447406170789334645e-02
2.215485102646708171e-02
2.531469021772769779e-02
2.613601233064466456e-02
2.369798333595141138e-02
2.511526310713119159e-02
2.614009705981268361e-02
2.508405615315312254e-02
2.444412299583320625e-02
2.351704709485935574e-02
2.628508586003253100e-02
2.356707745424069245e-02
2.280353729305839572e-02
2.350986365272000889e-02
2.495089295056041045e-02
2.403942074091802716e-02
2.488315237072202812e-02
2.482402964896701647e-02
2.103857599442249260e-02
2.145356010487442511e-02
1.738617813078890961e-02
2.396200745071852545e-02
2.451398124791603905e-02
2.188959765389419942e-02
2.247751914173234944e-02
2.512672666017801149e-02
2.127614624267182286e-02
2.213276885910309133e-02
2.030550539080633321e-02
2.129800624547528720e-02
2.126010742766348827e-02
2.083763251081460766e-02
2.048803113216401961e-02
2.311991122844991864e-02
2.354088595527814576e-02
2.453492798607115333e-02
2.486526065938865493e-02
2.467777734408915791e-02
2.179112695171925296e-02
2.230640535721772899e-02
2.065168642703296698e-02
2.252080019589675075e-02
2.236324479337703508e-02
2.369105694098005976e-02
2.259647384797158765e-02
2.545909184804751035e-02
2.478567675536980097e-02
2.315274079310825073e-02
1.939777504274875497e-02
2.377071248974171880e-02
2.550424840721587927e-02
2.238376836203337383e-02
2.326723539536512675e-02
2.185901071151330477e-02
2.153362748752019051e-02
2.582122631284122782e-02
2.384797560172557951e-02
2.186521187957679579e-02
2.410219544886094134e-02
2.174709386973994185e-02
2.191662601972743651e-02
2.500707634675358726e-02
2.056868185121540904e-02
2.523252900563499601e-02
2.069332788979028059e-02
2.717573116780691578e-02
2.110660726187574276e-02
2.246371115451828437e-02
2.582118944844613573e-02
2.637734655034340570e-02
2.240923524622862040e-02
2.303659340717056914e-02
2.536137278355821145e-02
2.404194579677154664e-02
2.498714348903119387e-02
2.372094975762695235e-02
2.279472636971480171e-02
2.266217246688650988e-02
2.338436980503688645e-02
2.459508482728445244e-02
2.313406934803885484e-02
2.191658411265895445e-02
2.485834832587507925e-02
2.428584083803442262e-02
2.208584782275857528e-02
2.239904106600065781e-02
2.242735884177293748e-02
2.302351168604443998e-02
2.164331958912280029e-02
2.485947593269477451e-02
2.229282691385803261e-02
2.214327640152968790e-02
2.477859775206181503e-02
2.165653019508062549e-02
2.559322985257383998e-02
2.188907119059657624e-02
2.123518082895481385e-02
2.349669367661810782e-02
2.641961252840951957e-02
2.480659186196088051e-02
2.210701103329970607e-02
2.513356023131074757e-02
2.086621051656267767e-02
2.423382229398041154e-02
2.460080379719431498e-02
1.941727720409414104e-02
2.414303703758124975e-02
2.180569020924272294e-02
2.257957297500623461e-02
2.321062326988432289e-02
2.490655157101162587e-02
2.435382608782754588e-02
2.498983571609425525e-02
2.310972995602478264e-02
2.443485125260180801e-02
2.426814585143355352e-02
2.448344264780022428e-02
2.272082556407561960e-02
2.429679005002172154e-02
2.291080649927956792e-02
2.150772332893602368e-02
2.572029046416468567e-02
2.387725613122237966e-02
2.578518370956639494e-02
2.388345441205563802e-02
2.486793205720982947e-02
2.306459427730911393e-02
2.395283477241649805e-02
2.534885700706723810e-02
2.352438083192476270e-02
2.212691403116329170e-02
2.311390635570709229e-02
2.303963530362929113e-02
2.278665221374698291e-02
2.576660148574894116e-02
2.501733698521491078e-02
2.187096305382718597e-02
2.375905240005304897e-02
1.959662663977268515e-02
2.169980430465856536e-02
2.310354547345472298e-02
2.467312551006450860e-02
2.421494054587158828e-02
2.630669157994325325e-02
2.215284977806875055e-02
2.112739283455256079e-02
2.378016832247586976e-02
2.309539087367240562e-02
2.458475583629105010e-02
2.288984018055173486e-02
2.198351848485824434e-02
2.490069224548663307e-02
2.286514481360457651e-02
2.234906146611237432e-02
2.441102325664235018e-02
2.292992917200775693e-02
2.454212829650193051e-02
2.239951250755911616e-02
2.158192898457622633e-02
2.631669088180066396e-02
1.961864164696991431e-02
2.347898860092034745e-02
2.410428755276750046e-02
2.560450307840778095e-02
2.167930771859016836e-02
2.234112488707395983e-02
2.342391120144138306e-02
2.347809038290860073e-02
2.345747473382542303e-02
2.203098411809456536e-02
2.410896241599091994e-02
2.355232679265428786e-02
2.288154813076359595e-02
2.675418542672880484e-02
2.208142983938921056e-02
2.552494771604529866e-02
2.232836812777705404e-02
2.187911942815112809e-02
2.328210353773751962e-02
2.181146463522942724e-02
2.214526684556195057e-02
2.294581416933971774e-02
2.427908401493716894e-02
2.183806912901209429e-02
2.067614062432587829e-02
2.454577863351548039e-02
2.193711006992837831e-02
2.326919443864672310e-02
2.427448271558030335e-02
2.377944643221807652e-02
2.557824514474882349e-02
2.464668521995516670e-02
2.566417855539393500e-02
2.624430986713988112e-02
2.327683164488303369e-02
2.183016598294673649e-02
2.146659117351434887e-02
2.419471404018214145e-02
2.598211478280898490e-02
2.386439643353144291e-02
2.277343134866272045e-02
2.333643432482346292e-02
2.334504083066812896e-02
2.214987792624345531e-02
2.455345835210986927e-02
2.615358052529281885e-02
2.366522813146998416e-02
2.157617351128848782e-02
2.536970928916404411e-02
2.379593521233580589e-02
2.489651592735353525e-02
2.144897040136162225e-02
2.310362959405409811e-02
2.089493668421771311e-02
2.158320088138365733e-02
2.331302884573682732e-02
2.345372415582747117e-02
2.342617717330131022e-02
2.171770004185935576e-02
2.054361161343054576e-02
2.545907281368320341e-02
2.466846119753030031e-02
2.148315772331321760e-02
2.416018324590574196e-02
2.332988599094054649e-02
2.112005415285556076e-02
2.307268790020389204e-02
2.359439864468426684e-02
2.278016397468229925e-02
2.387386142141911805e-02
2.173594433129810710e-02
2.451983314270855807e-02
2.032239462393370388e-02
2.406591017243964181e-02
2.396296236393591350e-02
2.608990087767981692e-02
2.365849374528838922e-02
1.867512717842778613e-02
2.137488037541457331e-02
2.297240937765132607e-02
2.401963468641943322e-02
2.525125652287996125e-02
2.530181850214630046e-02
2.384670164817026539e-02
2.451307273004066367e-02
2.231233962084200328e-02
2.207368772019746572e-02
2.279734221794171845e-02
2.372061014344528651e-02
2.381682879255553331e-02
2.182667946010496962e-02
1.977531813091215618e-02
2.249414963570450787e-02
2.216713419033045085e-02
2.163933635223735941e-02
2.294574269080751350e-02
2.704044821163753554e-02
2.590139286624970616e-02
2.526025054232028388e-02
1.977483382520750510e-02
2.263386195816297075e-02
2.458028565141145982e-02
1.884252439403200086e-02
2.456180451131961817e-02
2.193426674242049401e-02
2.310807437128570285e-02
2.244425229709490210e-02
2.145182024958636191e-02
2.321219177801348010e-02
2.239918701566745440e-02
2.275370387259778582e-02
2.308144310092608009e-02
2.228220108819423118e-02
2.365317080937345828e-02
2.390794780489269300e-02
2.242629853312161359e-02
2.423291520255133058e-02
2.416999683380161024e-02
2.410256363635321364e-02
2.353013671700154852e-02
2.302877654570156807e-02
2.340188906898132970e-02
2.617728889598280873e-02
2.095115657300383738e-02
2.265982072612016118e-02
2.578104791599877821e-02
2.503577817897872926e-02
2.243674773985349091e-02
2.533313876958942501e-02
2.403204738163555731e-02
2.480219127185523398e-02
2.360605723357966923e-02
2.383643951917324699e-02
2.268981711982442917e-02
2.205808521523366927e-02
2.102502017794960487e-02
2.129662495752304707e-02
2.486437326296275785e-02
2.287572076633548335e-02
2.310090110275209163e-02
2.199185510902657015e-02
2.419120648064709833e-02
2.214436753918325174e-02
2.652594041141553838e-02
2.502053906953904949e-02
2.541410071829419692e-02
2.424584834637166786e-02
2.157068405967077496e-02
2.284457010583418324e-02
2.499324835989003013e-02
2.345620652114654980e-02
2.085412571953981775e-02
2.458409369494418684e-02
2.368607298580904796e-02
2.415124823609060556e-02
2.244398781420553490e-02
2.331553204041281191e-02
2.469693685658103099e-02
2.198404026896172425e-02
2.552230620644513337e-02
2.067087033168912846e-02
2.389877552616126444e-02
2.358201377999180615e-02
2.514307229752521522e-02
2.291045574094452419e-02
2.307733264343814206e-02
2.280652599164656458e-02
2.337337654775017981e-02
2.541621175486885598e-02
2.441251624348450555e-02
2.621685802053619341e-02
2.447082720337445672e-02
2.435717271896620240e-02
2.185075329301633396e-02
2.487018111028183043e-02
2.131618264410262142e-02
2.224407970997899220e-02
2.551033166814797859e-02
2.244153976297380559e-02
2.424280390101585247e-02
2.330373512424155358e-02
2.747724081043179112e-02
2.397756641913506570e-02
2.261708474115531331e-02
2.427247434032642204e-02
2.538272259219342963e-02
2.327639892006838629e-02
2.284903579709718358e-02
2.566629749102089519e-02
2.226216515709333876e-02
2.630629499600534160e-02
2.164202807870840850e-02
2.392492847291038949e-02
2.085003994111689352e-02
2.005014157627527105e-02
2.448340339400179033e-02
2.086560006405302481e-02
2.067580818904568574e-02
2.485614765871924092e-02
2.333614733274269604e-02
2.138266558263612893e-02
2.771945671108144715e-02
2.106519022075592495e-02
2.339211850272238102e-02
2.406276739857560187e-02
2.519558734159255131e-02
2.703610522672628136e-02
2.232679346306487567e-02
2.064783071735720732e-02
2.464122937321877593e-02
2.492164761992210487e-02
2.210414999309762152e-02
2.347046951512177237e-02
2.473526667712055982e-02
2.316623506650117292e-02
2.296002312282974245e-02
2.589982954957537054e-02
2.366604771903357829e-02
2.469662676453387995e-02
2.118166701130430596e-02
2.519971215165117684e-02
2.349871849067719509e-02
2.522167167422684209e-02
2.038546107033067933e-02
2.399532364833101283e-02
2.610011020667402093e-02
2.224191634409078411e-02
2.125639426531833465e-02
2.385195602760048494e-02
2.282770500676467584e-02
2.591583141250208833e-02
2.582044128132232608e-02
2.492392688084366092e-02
2.231056767035677346e-02
2.199229288099235902e-02
2.165190614518253120e-02
2.236884589394372291e-02
2.381998244732086434e-02
2.144127887032443169e-02
2.540609521406289595e-02
2.254328352875156760e-02
2.462262616315724628e-02
2.543961232599656341e-02
1.965190704300945335e-02
2.324833362313172280e-02
2.441273937204790911e-02
2.424088623378173324e-02
2.024856994002499633e-02
2.509971056354398655e-02
2.383340978512404895e-02
2.236992438555107654e-02
2.491785168245330695e-02
1.938495425137953809e-02
2.139276309246440633e-02
2.687301847067846694e-02
2.427212879909834697e-02
2.409143901241472818e-02
2.295763831310937420e-02
2.395573308662379830e-02
2.587365436846833511e-02
2.451633792421969993e-02
2.323292953873035138e-02
2.434974730854566616e-02
2.185962052259204924e-02
2.265601664539085291e-02
2.217926595924790689e-02
2.254468487264071896e-02
2.293371555659695638e-02
2.057834416683812506e-02
2.498971001776650880e-02
2.154200070148792889e-02
2.252052386469682865e-02
2.219733805129719961e-02
2.195981462775686843e-02
2.242826134737896382e-02
2.183292659433133664e-02
2.294556535264957731e-02
2.071208472715935223e-02
2.434234728859574481e-02
2.243804191250453606e-02
2.311554143581551202e-02
2.250676854613598010e-02
2.448494658471700447e-02
2.303923856315770458e-02
2.175777037500203903e-02
2.329368965403055824e-02
2.597354685714781120e-02
2.551532674651690868e-02
2.180761964656952046e-02
2.165182907673957047e-02
2.747255288034566867e-02
2.071367303714821695e-02
2.467469915603093256e-02
2.540272922146535883e-02
2.150748711399375068e-02
2.306693228269440787e-02
2.446198980274627566e-02
2.260904037035893488e-02
1.748090684561964814e-02
2.490566466687882397e-02
2.448543139767611621e-02
2.045213032813530951e-02
2.377270288067134807e-02
1.965931548759680680e-02
2.282030102283938433e-02
2.527852481660164408e-02
2.153775061428486737e-02
2.081896148721629203e-02
2.211919986714283581e-02
2.354145439272592455e-02
2.395153616089840121e-02
2.287774037757728252e-02
2.570427258444873964e-02
2.243561302752716813e-02
2.345422087254300791e-02
1.784244733016326911e-02
2.748592017296136447e-02
2.175974595770124864e-02
2.288606772226464692e-02
2.530350933853475759e-02
2.188371656936682896e-02
2.238187806949287761e-02
2.069125728834664280e-02
2.202035930405599196e-02
2.297243850557784128e-02
2.313685960906819439e-02
2.467128373619109638e-02
2.209393270779269614e-02
2.310114173871924415e-02
2.309393726410080561e-02
2.283658761962770178e-02
2.634902499221669636e-02
2.398837795577901666e-02
2.586841347307244909e-02
2.242394256753921233e-02
2.271936299049026609e-02
2.168704864334958238e-02
2.103047572855309966e-02
2.205461192401814152e-02
2.146652097278312077e-02
2.280730145460929670e-02
2.075981189511955094e-02
2.457411776217943711e-02
2.186001053281017015e-02
2.447690422899362339e-02
2.285879578994620687e-02
2.465532733671627064e-02
2.426421177417248387e-02
2.304865212064788338e-02
2.440569007776982602e-02
2.361181699393477551e-02
2.321450311222594820e-02
2.507356174353225775e-02
2.463812776495633017e-02
2.408339520282476443e-02
2.194963609854960751e-02
2.346333942058320687e-02
2.362731239927073901e-02
2.110431410673196950e-02
2.421818985603074736e-02
2.146189099843809345e-02
2.389193998182714829e-02
2.328703591974856657e-02
2.424901975474913485e-02
2.502248438634069316e-02
2.386267982260070752e-02
2.450061771253753129e-02
2.327748251084615916e-02
2.298584371749945454e-02
2.367335977694629001e-02
2.425890572054112404e-02
2.601533974247249859e-02
2.558210585117848268e-02
2.398087669105408715e-02
2.516713722813590515e-02
2.181898245831104255e-02
2.436415544412562362e-02
2.236405573789479462e-02
2.576208215931541368e-02
2.394213767612618504e-02
2.262321141805667679e-02
2.531332738333236243e-02
2.588027070738396773e-02
1.956737354697657416e-02
2.544706023069331913e-02
2.475555500374904128e-02
2.272797030666429130e-02
2.459013024624723265e-02
2.260987948716297602e-02
2.488613917420767763e-02
2.498976043862333185e-02
2.403436573647055319e-02
2.391977924344423911e-02
2.106260227253931028e-02
2.374551000378777310e-02
2.278225946448508843e-02
2.344841715234591284e-02
2.413209505642344155e-02
2.065760989873810516e-02
2.232271702159605020e-02
2.002524593761423333e-02
2.140855268804653377e-02
2.380544837138631742e-02
2.440317080463128008e-02
2.285774088477365851e-02
2.485805588970446678e-02
2.393041644290394565e-02
2.740447306071147615e-02
1.946207788440434960e-02
2.413688392184609732e-02
2.369886621053418629e-02
2.459543173573264241e-02
2.347170086851835258e-02
2.249578190663736876e-02
2.501917086913540977e-02
2.122576153982813629e-02
2.445642979712947529e-02
1.934284106496830802e-02
2.476051565911330243e-02
2.405711013508105012e-02
2.351602823665288611e-02
2.422298510088727319e-02
2.325791690290013314e-02
2.183486388877731166e-02
2.224209077526140277e-02
2.571702270463327444e-02
2.179379964844829765e-02
2.143521294504879826e-02
2.321785168829837431e-02
2.130442793165343573e-02
2.436736775538550503e-02
2.535659887121499700e-02
2.366729898418862277e-02
2.501458283088320300e-02
2.060219385273942549e-02
2.362152141757944968e-02
2.156274849835115859e-02
2.397796000977003850e-02
2.359080593597417952e-02
2.235533819936796895e-02
2.498163219955240599e-02
2.393334853437689702e-02
2.198945946317798494e-02
1.912245645795263016e-02
2.068056886511548953e-02
2.351665676026537533e-02
2.218778341631644224e-02
2.441993065974301658e-02
2.162785701777636405e-02
2.267985871916811114e-02
2.411240044411688821e-02
2.649720617800199740e-02
2.520686065567057099e-02
2.443657269170573798e-02
2.431113864011735792e-02
2.616589157929882781e-02
2.539102896135259080e-02
2.583119434057135066e-02
2.264700906809147263e-02
2.515403306404340178e-02
2.375051071155653837e-02
2.396798167133140645e-02
2.065739295712298862e-02
2.104979679531182590e-02
2.578013205255169638e-02
2.166008259143281656e-02
1.990705621523258806e-02
2.403636959867405665e-02
2.534004310192927711e-02
2.444995334904698225e-02
2.487000466313116220e-02
2.499113997807955734e-02
2.355101628003564151e-02
2.259198963530839599e-02
2.383459365066631364e-02
2.557587207733469370e-02
2.192938542926459178e-02
2.403973058172237387e-02
2.153889661395713695e-02
2.332388499365967149e-02
2.276446005898269398e-02
2.638669903139834183e-02
2.273551828061259883e-02
2.681200172300224338e-02
2.064003219680521362e-02
2.229461481170713633e-02
2.299044857071996795e-02
2.643394835823875688e-02
2.402909034158584589e-02
2.532427606434506373e-02
2.181003929012970133e-02
2.432673040792399100e-02
2.327779446831290677e-02
2.419384390452883338e-02
2.238385446793045297e-02
2.398834043804431992e-02
2.627150855684767805e-02
2.032453299496794763e-02
2.379960679063475304e-02
2.154830287351505724e-02
2.452570519582764064e-02
2.389077676841511177e-02
2.424445688883647421e-02
2.146799446302138925e-02
2.378013266758638444e-02
2.275111515101002624e-02
2.105702381239726861e-02
1.973142713442910257e-02
2.069712920262656297e-02
2.311430733781105751e-02
2.539230748329646126e-02
2.324419710314029608e-02
2.218148779644724122e-02
2.133764874416632651e-02
2.382837808398030610e-02
2.376585790374097229e-02
2.341338606508491793e-02
2.165123759382603374e-02
2.392743778773853691e-02
2.308773881834014219e-02
2.022666339702650085e-02
2.171453534488998471e-02
2.656633937446217786e-02
2.359514243346860773e-02
